{hmmgp0_ths_mult: -15.809573444801934, hmmgp1_ths_mult: -15.809573444801934, nDetector: 2,
  progress0_ths_mult: -6.309573444801933, progress1_ths_mult: -6.309573444801933,
  progress_ths_mult: -1.625}
